NAME	= pos
DESCRIPTION	= 
UNIT	= 
DATAFORMAT	= FLOAT
DATAFILE_OFFSET	= 0
BYTEORDER_BIG	= FALSE
TOPTOBOTTOM	= FALSE
POSITION_XMIN	= 372809.5000000000000000
POSITION_YMIN	= 290715.5000000000000000
CELLCOUNT_X	= 1191
CELLCOUNT_Y	= 1547
CELLSIZE	= 1.0000000000000000
Z_FACTOR	= 1.000000
Z_OFFSET	= 0.000000
NODATA_VALUE	= -99999.000000;-99999.000000
