n=4966
nmissing=0
nnull=0
min=-1.43998
max=1.21566
range=2.65564
sum=11.7687
mean=0.00236986
mean_abs=0.198052
population_stddev=0.279636
population_variance=0.0781963
population_coeff_variation=117.997
sample_stddev=0.279664
sample_variance=0.078212
kurtosis=2.05568
skewness=-0.217424
